{
    "version": "0.0.2",
    "id": 35426,
    "annId": 35426,
    "metadata": {
        "minDist": 0.002060022876703066,
        "maxDist": 0.1030011438351533,
        "minConnDist": 0.002060022876703066,
        "maxConnDist": 0.1030011438351533,
        "useRelativeDist": true,
        "obbConstrainVertical": false,
        "checkAABB": true,
        "relDists": {
            "minDist": 0.001,
            "maxDist": 0.05,
            "minConnDist": 0.001,
            "maxConnDist": 0.05
        }
    },
    "parts": [
        null,
        {
            "id": "1",
            "index": 0,
            "pid": "1",
            "name": "door",
            "label": "door",
            "partInfo": {
                "id": 122462,
                "partSetId": "1",
                "partId": "1",
                "label": "door",
                "data": null,
                "segmentIds": [
                    "12"
                ],
                "meshTri": [
                    {
                        "meshIndex": 2,
                        "triIndex": [
                            [
                                308,
                                352
                            ]
                        ],
                        "segIndex": 12
                    }
                ]
            },
            "obb": {
                "centroid": [
                    -0.28221379182245604,
                    0.4827470891177654,
                    0.2823172579326173
                ],
                "axesLengths": [
                    0.8184942778215922,
                    0.7745501771569252,
                    0.020000020432372867
                ],
                "normalizedAxes": [
                    -0.7061208603607236,
                    0,
                    -0.7080913292531066,
                    0,
                    1,
                    0,
                    0.7080913292531066,
                    0,
                    -0.7061208603607236
                ],
                "metadata": {
                    "constrainVertical": true
                },
                "min": [
                    -0.578272654176836,
                    0.09547200053930283,
                    -0.014528308469228701
                ],
                "max": [
                    0.013845070531923964,
                    0.870022177696228,
                    0.5791628243344633
                ]
            }
        },
        {
            "id": "2",
            "index": 1,
            "pid": "2",
            "name": "faucet",
            "label": "faucet",
            "partInfo": {
                "id": 122463,
                "partSetId": "2",
                "partId": "2",
                "label": "faucet",
                "data": null,
                "segmentIds": [
                    "1",
                    "3",
                    "8"
                ],
                "meshTri": [
                    {
                        "meshIndex": 0,
                        "triIndex": [
                            [
                                288,
                                392
                            ]
                        ],
                        "segIndex": 1
                    },
                    {
                        "meshIndex": 0,
                        "triIndex": [
                            [
                                680,
                                748
                            ]
                        ],
                        "segIndex": 3
                    },
                    {
                        "meshIndex": 0,
                        "triIndex": [
                            [
                                1460,
                                2032
                            ]
                        ],
                        "segIndex": 8
                    }
                ]
            },
            "obb": {
                "centroid": [
                    0.1549917679885356,
                    1.0437968284089763,
                    -0.15868691032983237
                ],
                "axesLengths": [
                    0.3278459040089594,
                    0.13679459036091346,
                    0.09513306140267133
                ],
                "normalizedAxes": [
                    0.41618553067595143,
                    -0.8108305553579443,
                    -0.4115135654555089,
                    -0.569538302234507,
                    -0.5852519275433602,
                    0.5771536221792403,
                    -0.7088128993915195,
                    -0.005830249112215493,
                    -0.7053724419421824
                ],
                "metadata": {
                    "constrainVertical": false
                },
                "min": [
                    0.014098757303663473,
                    0.8705761166327632,
                    -0.2991712953453703
                ],
                "max": [
                    0.2958847786734077,
                    1.2170175401851893,
                    -0.01820252531429445
                ]
            }
        },
        {
            "id": "3",
            "index": 2,
            "pid": "3",
            "name": "knob",
            "label": "knob",
            "partInfo": {
                "id": 122464,
                "partSetId": "3",
                "partId": "3",
                "label": "knob",
                "data": null,
                "segmentIds": [
                    "0",
                    "4",
                    "6"
                ],
                "meshTri": [
                    {
                        "meshIndex": 0,
                        "triIndex": [
                            [
                                0,
                                288
                            ]
                        ],
                        "segIndex": 0
                    },
                    {
                        "meshIndex": 0,
                        "triIndex": [
                            [
                                748,
                                1036
                            ]
                        ],
                        "segIndex": 4
                    },
                    {
                        "meshIndex": 0,
                        "triIndex": [
                            [
                                1104,
                                1172
                            ]
                        ],
                        "segIndex": 6
                    }
                ]
            },
            "obb": {
                "centroid": [
                    0.2142907727217119,
                    0.934020284396358,
                    -0.16313018932020548
                ],
                "axesLengths": [
                    0.02054748382562408,
                    0.06199079360831992,
                    0.06199079324951559
                ],
                "normalizedAxes": [
                    0.7070740559274591,
                    0.00000631003333588157,
                    0.7071395049030114,
                    0.7007580576389845,
                    -0.13404798165856027,
                    -0.7006920031421113,
                    0.09478620199338422,
                    0.9909748425532557,
                    -0.09478627188691191
                ],
                "metadata": {
                    "constrainVertical": false
                },
                "min": [
                    0.1823682663722959,
                    0.8991496908963051,
                    -0.19505132285654112
                ],
                "max": [
                    0.24621327907112792,
                    0.9688908778964108,
                    -0.13120905578386985
                ]
            }
        },
        {
            "id": "4",
            "index": 3,
            "pid": "4",
            "name": "knob",
            "label": "knob",
            "partInfo": {
                "id": 122465,
                "partSetId": "4",
                "partId": "4",
                "label": "knob",
                "data": null,
                "segmentIds": [
                    "2",
                    "5",
                    "7"
                ],
                "meshTri": [
                    {
                        "meshIndex": 0,
                        "triIndex": [
                            [
                                392,
                                680
                            ]
                        ],
                        "segIndex": 2
                    },
                    {
                        "meshIndex": 0,
                        "triIndex": [
                            [
                                1036,
                                1104
                            ]
                        ],
                        "segIndex": 5
                    },
                    {
                        "meshIndex": 0,
                        "triIndex": [
                            [
                                1172,
                                1460
                            ]
                        ],
                        "segIndex": 7
                    }
                ]
            },
            "obb": {
                "centroid": [
                    0.15986928045498117,
                    0.9340202823040916,
                    -0.21755169598142246
                ],
                "axesLengths": [
                    0.020547468834733233,
                    0.061992100841674794,
                    0.06199210190193359
                ],
                "normalizedAxes": [
                    0.7070739255996548,
                    0.000006323036755802231,
                    0.7071396352186129,
                    0.7007768293994066,
                    -0.13385294440226678,
                    -0.700710514158135,
                    0.09464829165922006,
                    0.9910012054658981,
                    -0.09464835788923308
                ],
                "metadata": {
                    "constrainVertical": false
                },
                "min": [
                    0.12794995352141575,
                    0.8991541808721306,
                    -0.24946964454046847
                ],
                "max": [
                    0.19178860738854658,
                    0.9688863837360526,
                    -0.18563374742237645
                ]
            }
        },
        {
            "id": "5",
            "index": 4,
            "pid": "5",
            "name": "base",
            "label": "base",
            "partInfo": {
                "id": 122466,
                "partSetId": "5",
                "partId": "5",
                "label": "base",
                "data": null,
                "segmentIds": [
                    "9",
                    "10",
                    "11",
                    "13"
                ],
                "meshTri": [
                    {
                        "meshIndex": 1,
                        "triIndex": [
                            [
                                0,
                                1078
                            ]
                        ],
                        "segIndex": 9
                    },
                    {
                        "meshIndex": 2,
                        "triIndex": [
                            [
                                0,
                                44
                            ]
                        ],
                        "segIndex": 10
                    },
                    {
                        "meshIndex": 2,
                        "triIndex": [
                            [
                                44,
                                308
                            ]
                        ],
                        "segIndex": 11
                    },
                    {
                        "meshIndex": 3,
                        "triIndex": [
                            [
                                0,
                                76
                            ]
                        ],
                        "segIndex": 13
                    }
                ]
            },
            "obb": {
                "centroid": [
                    2.9802322387695312e-8,
                    0.4515118300914764,
                    -2.086162567138672e-7
                ],
                "axesLengths": [
                    1.1999996304512024,
                    0.903023660182953,
                    1.1999996304512024
                ],
                "normalizedAxes": [
                    1,
                    0,
                    0,
                    0,
                    1,
                    0,
                    0,
                    0,
                    1
                ],
                "metadata": {
                    "constrainVertical": true,
                    "isAABB": true
                },
                "min": [
                    -0.5999997854232788,
                    -1.1102230246251565e-16,
                    -0.6000000238418579
                ],
                "max": [
                    0.5999998450279236,
                    0.9030236601829529,
                    0.5999996066093445
                ]
            }
        }
    ],
    "distanceMatrix": [
        [],
        [],
        [
            null,
            0.547118391767201
        ],
        [
            null,
            null,
            0.0018418804676544134
        ],
        [
            null,
            null,
            0,
            0.05641766604956147
        ],
        [
            null,
            0.0016147088399979935,
            0,
            0.002745747566233253,
            0.0027457475662180904
        ]
    ],
    "connectivityGraph": [
        [],
        [
            5
        ],
        [
            3,
            4,
            5
        ],
        [
            2
        ],
        [
            2
        ],
        [
            1,
            2
        ]
    ],
    "intersectObbs": {
        "1-5": {
            "centroid": [
                -0.28221379647905076,
                0.4924878023406993,
                0.28231726257625384
            ],
            "axesLengths": [
                0.8184942778215921,
                0.7550687507110575,
                0.02000000727984691
            ],
            "normalizedAxes": [
                -0.7061208603607235,
                0,
                -0.7080913292531067,
                0,
                1,
                0,
                0.7080913292531067,
                0,
                -0.7061208603607235
            ],
            "metadata": {
                "constrainVertical": true
            },
            "min": [
                -0.5782726541768359,
                0.11495342698517053,
                -0.014528299181955695
            ],
            "max": [
                0.013845061218734411,
                0.870022177696228,
                0.5791628243344633
            ]
        },
        "2-3": {
            "centroid": [
                0.21434994288900547,
                0.9339483082294464,
                -0.16382004596098526
            ],
            "axesLengths": [
                0.025387617815864294,
                0.025001943111419678,
                0.019349151821092116
            ],
            "normalizedAxes": [
                -0.7071062810822055,
                0,
                0.7071072812905359,
                0,
                1,
                0,
                -0.7071072812905359,
                0,
                -0.7071062810822055
            ],
            "metadata": {
                "constrainVertical": true
            },
            "min": [
                0.19853310780960426,
                0.9214473366737366,
                -0.17963688406024847
            ],
            "max": [
                0.23016677796840668,
                0.9464492797851562,
                -0.14800320786172205
            ]
        },
        "2-4": {
            "centroid": [
                0.16136448841149176,
                0.9339483082294464,
                -0.2168055101150814
            ],
            "axesLengths": [
                0.025387638889294895,
                0.025001943111419678,
                0.02073713485616909
            ],
            "normalizedAxes": [
                0.7071067811865485,
                0,
                -0.7071067811865467,
                0,
                1,
                0,
                0.7071067811865467,
                0,
                0.7071067811865485
            ],
            "metadata": {
                "constrainVertical": true
            },
            "min": [
                0.14505691826343534,
                0.9214473366737366,
                -0.23311308026313782
            ],
            "max": [
                0.17767205855954818,
                0.9464492797851562,
                -0.20049793996702497
            ]
        },
        "2-5": {
            "centroid": [
                0.19254036949754866,
                0.8993415662220821,
                -0.20323317017944054
            ],
            "axesLengths": [
                0.020702276421178625,
                0.000002,
                0.000002
            ],
            "normalizedAxes": [
                -0.9250715017797277,
                0,
                -0.3797929917665664,
                0,
                1,
                0,
                0.3797929917665664,
                0,
                -0.9250715017797277
            ],
            "metadata": {
                "constrainVertical": true
            },
            "min": [
                0.18296444673495751,
                0.899340566222082,
                -0.20716538500013126
            ],
            "max": [
                0.2021162922601398,
                0.8993425662220821,
                -0.1993009553587498
            ]
        },
        "3-2": {
            "centroid": [
                0.21477967247299243,
                0.9339037428171775,
                -0.16361904991921047
            ],
            "axesLengths": [
                0.02851866170064579,
                0.02833621860097535,
                0.020545956671910677
            ],
            "normalizedAxes": [
                0.7071069318740022,
                0,
                -0.7071066304990608,
                0,
                1,
                0,
                0.7071066304990608,
                0,
                0.7071069318740022
            ],
            "metadata": {
                "constrainVertical": true
            },
            "min": [
                0.19743270968851706,
                0.9197356335166897,
                -0.18096601150229907
            ],
            "max": [
                0.2321266352574678,
                0.9480718521176652,
                -0.14627208833612187
            ]
        },
        "4-2": {
            "centroid": [
                0.1600756552999174,
                0.9338326014820071,
                -0.21775803512803205
            ],
            "axesLengths": [
                0.028577796793209743,
                0.028443295398887902,
                0.020545956089798076
            ],
            "normalizedAxes": [
                -0.7071067811865459,
                0,
                0.707106781186549,
                0,
                1,
                0,
                -0.7071067811865491,
                0,
                -0.707106781186546
            ],
            "metadata": {
                "constrainVertical": true
            },
            "min": [
                0.1427077859094639,
                0.9196109537825632,
                -0.23512590451848558
            ],
            "max": [
                0.17744352469037092,
                0.948054249181451,
                -0.2003901657375785
            ]
        },
        "5-1": {
            "centroid": [
                -0.285138763246092,
                0.48500000685453415,
                0.2852801128880776
            ],
            "axesLengths": [
                0.8201298943565457,
                0.7699999958276749,
                0.013031339847247525
            ],
            "normalizedAxes": [
                -0.7059781943950322,
                0,
                -0.708233569550844,
                0,
                1,
                0,
                0.708233569550844,
                0,
                -0.7059781943950322
            ],
            "metadata": {
                "constrainVertical": true
            },
            "min": [
                -0.5792502904077264,
                0.10000000894069672,
                -0.00974156928762282
            ],
            "max": [
                0.008972763915542414,
                0.8700000047683716,
                0.580301795063778
            ]
        }
    },
    "upAxis": {
        "x": 0,
        "y": 1,
        "z": 0
    },
    "frontAxis": {
        "x": 0,
        "y": 0,
        "z": 1
    },
    "correctFront": {
        "x": 0
    },
    "correctUp": {
        "x": 0
    }
}